# Segment 31 — 24 grid-cols × 64 grid-rows
# bbox: cols [0, 23] × rows [0, 63]

000000000000000000000000                      000000000000000000
0000000000100000000000000000000000000000000000000000000000000000
0000000000000000000000000000000000000000000000000000000000000000
0000000000001000000000000000000000000000000000000000000000000000
0000000001000001000000000000000000000000000000000000000000000000
0000000000000000000000000000000000000000000000000000000000000000
0000000000000000000000000000000000000000000000000000000000000000
0001000000000000000100000000000000000000000000000000000000000000
0  0  000000100000 0   00000000000000000000000000000000000000000
0001000000000000000100000000000000000000000000000000000000000000
0000000000000000000000000000000000000000000000000000000000000000
0000000000000000000000000000000000000000000000000000000000000000
0000001000000000010000000000000000000000000000000000000000000000
0000000000000000000000000000000000000000000000000000000000000000
0000000000000000000000000000000000000000000000000000000000000000
0001000000000000000010000000000000000000000000000000000000000000
0 000 000000000000 000 00000000000000000000000000000000000000000
0001000000000000000010000000000000000000000000000000000000000000
0000000000000000000000000000000000000000000000000000000000000000
0000000000000000000000000000000000000000000000000000000000000000
0000000000000000000000000000000000000000000000000000000000000000
0000000000000000000000000000000000000000000000000000000000000000
0000000000000000000000000000000000000000000000000000000000000000
9999999999998999999999990000000000000000000000000000000000000000